1.144184239947274362e+00 9.484504583093537056e-01
1.752638688547522694e+00 1.161487224881424973e+00
2.010846066584677683e+00 1.213903081564543074e+00
2.277665039550818893e+00 1.319301312639475254e+00
2.509734594313461908e+00 1.339150176746018772e+00
2.218275638348251366e+00 1.553259466748120765e+00
2.586390559646227771e+00 1.621240585307978987e+00
2.697100988685362299e+00 1.437484880711954460e+00
2.773542684484818555e+00 1.516118309235934936e+00
2.912267976425186866e+00 1.555258432957866921e+00
2.367937352872194090e+00 1.661863317826459463e+00
2.407855449970303763e+00 1.698643406022591007e+00
2.364195846690038127e+00 1.491129444436876561e+00
2.301610505970923981e+00 1.434781588826954168e+00
1.678967078537125124e+00 1.526713421749221977e+00
2.810573627687866782e+00 1.870098504138436590e+00
2.441133732754917407e+00 1.926422191439757903e+00
2.180124802957704500e+00 1.621865135235879052e+00
1.704069919319355808e+00 1.553098240500742522e+00
1.253137359279762997e+00 1.467292488793192184e+00
2.376563481882691509e+00 1.689674698449657120e+00
1.815915041922817830e+00 2.086256878682644089e+00
1.462501889760457585e+00 1.593950076946068828e+00
1.146371389082418757e+00 1.512631676868204877e+00
8.226078914987641211e-01 1.158427218446145046e+00
1.247585272713312321e+00 1.000126470289809388e+00
8.494018293691487642e-01 1.734977046821311042e+00
6.879988673071177896e-01 1.561465665056252172e+00
5.544423591369069815e-01 1.200908619995761706e+00
4.444230284115919249e-01 1.060620215866961091e+00
6.078377619796354603e-01 5.617579294818639823e-01
4.333254854853394455e-01 1.188929781238959871e+00
3.613942108692705379e-01 1.138331998712686755e+00
2.917386614232871378e-01 9.733428430026367373e-01
2.256154300823899894e-01 9.790104650648278062e-01
