1.047921623720647233e+00 1.031266772223919270e+00
1.820803733739025265e+00 1.739973757538547439e+00
2.234415872078305387e+00 2.176383866195446437e+00
2.603310660104333873e+00 2.526957107795627877e+00
2.837663246627905256e+00 2.752596307834239031e+00
1.759651625684506948e+00 1.649282955996387523e+00
2.232326186091726505e+00 2.144362508161292258e+00
2.455901063962368625e+00 2.420176851629708192e+00
2.704893542311744170e+00 2.714120529780112534e+00
2.964950156231958012e+00 2.944352576493533657e+00
1.776790394752844282e+00 1.802138673494995569e+00
1.868353861011522676e+00 2.091864469542677352e+00
1.865577300317694975e+00 2.273161859387071715e+00
1.834176434299814806e+00 2.465777581194765755e+00
1.526233884127824458e+00 2.575396174116016734e+00
1.934232241541063768e+00 2.301675947304087977e+00
1.594740170283881708e+00 2.419547991947803123e+00
1.404624162475591076e+00 2.483141194329017587e+00
1.167356632836511920e+00 2.511349592339358061e+00
9.661072023477662585e-01 2.503477371969486498e+00
1.505321445130757718e+00 2.513114812442166279e+00
1.089732724441123679e+00 2.664970452536929990e+00
9.200306183938371518e-01 2.618361488522138014e+00
7.621203617760701210e-01 2.526218819594129084e+00
6.260820607697741291e-01 2.467084174025452104e+00
6.399638087786369001e-01 1.984203402848351949e+00
4.316169245838611945e-01 2.336151875980447823e+00
3.696253286275310579e-01 2.316538541450238853e+00
3.221210612148697194e-01 2.242137349639876653e+00
2.807972029037999473e-01 2.218538746314924204e+00
2.866886784696755508e-01 1.611383257901342514e+00
2.026357701413301071e-01 1.989827332351760347e+00
1.755288473489273748e-01 1.958629776021080460e+00
1.577990569621667560e-01 1.954644854121685205e+00
1.362062120147817801e-01 1.950532426696376609e+00
